(kicad_pcb (version 20171130) (host pcbnew "(5.1.6)-1")

  (general
    (thickness 1.6)
    (drawings 0)
    (tracks 0)
    (zones 0)
    (modules 54)
    (nets 83)
  )

  (page A4)
  (layers
    (0 F.Cu signal)
    (31 B.Cu signal)
    (32 B.Adhes user)
    (33 F.Adhes user)
    (34 B.Paste user)
    (35 F.Paste user)
    (36 B.SilkS user)
    (37 F.SilkS user)
    (38 B.Mask user)
    (39 F.Mask user)
    (40 Dwgs.User user)
    (41 Cmts.User user)
    (42 Eco1.User user)
    (43 Eco2.User user)
    (44 Edge.Cuts user)
    (45 Margin user)
    (46 B.CrtYd user)
    (47 F.CrtYd user)
    (48 B.Fab user)
    (49 F.Fab user)
  )

  (setup
    (last_trace_width 0.25)
    (trace_clearance 0.2)
    (zone_clearance 0.508)
    (zone_45_only no)
    (trace_min 0.2)
    (via_size 0.8)
    (via_drill 0.4)
    (via_min_size 0.4)
    (via_min_drill 0.3)
    (uvia_size 0.3)
    (uvia_drill 0.1)
    (uvias_allowed no)
    (uvia_min_size 0.2)
    (uvia_min_drill 0.1)
    (edge_width 0.05)
    (segment_width 0.2)
    (pcb_text_width 0.3)
    (pcb_text_size 1.5 1.5)
    (mod_edge_width 0.12)
    (mod_text_size 1 1)
    (mod_text_width 0.15)
    (pad_size 1.524 1.524)
    (pad_drill 0.762)
    (pad_to_mask_clearance 0.05)
    (aux_axis_origin 0 0)
    (visible_elements 7FFFFFFF)
    (pcbplotparams
      (layerselection 0x010fc_ffffffff)
      (usegerberextensions false)
      (usegerberattributes true)
      (usegerberadvancedattributes true)
      (creategerberjobfile true)
      (excludeedgelayer true)
      (linewidth 0.100000)
      (plotframeref false)
      (viasonmask false)
      (mode 1)
      (useauxorigin false)
      (hpglpennumber 1)
      (hpglpenspeed 20)
      (hpglpendiameter 15.000000)
      (psnegative false)
      (psa4output false)
      (plotreference true)
      (plotvalue true)
      (plotinvisibletext false)
      (padsonsilk false)
      (subtractmaskfromsilk false)
      (outputformat 1)
      (mirror false)
      (drillshape 1)
      (scaleselection 1)
      (outputdirectory ""))
  )

  (net 0 "")
  (net 1 GND)
  (net 2 "Net-(C1-Pad2)")
  (net 3 "Net-(C2-Pad1)")
  (net 4 "Net-(C3-Pad2)")
  (net 5 "Net-(C4-Pad1)")
  (net 6 "Net-(C5-Pad1)")
  (net 7 "Net-(C6-Pad1)")
  (net 8 "Net-(C7-Pad1)")
  (net 9 "Net-(C8-Pad1)")
  (net 10 "Net-(C9-Pad1)")
  (net 11 "Net-(C9-Pad2)")
  (net 12 "Net-(C10-Pad1)")
  (net 13 "Net-(C10-Pad2)")
  (net 14 +5V)
  (net 15 +3V3)
  (net 16 "Net-(C13-Pad1)")
  (net 17 "Net-(D1-Pad2)")
  (net 18 "Net-(D1-Pad1)")
  (net 19 "Net-(D2-Pad1)")
  (net 20 "Net-(D2-Pad2)")
  (net 21 "Net-(D3-Pad2)")
  (net 22 "Net-(D3-Pad1)")
  (net 23 "Net-(D4-Pad1)")
  (net 24 "Net-(D4-Pad2)")
  (net 25 "Net-(D5-Pad1)")
  (net 26 "Net-(D5-Pad2)")
  (net 27 "Net-(D6-Pad2)")
  (net 28 "Net-(D6-Pad1)")
  (net 29 "Net-(D7-Pad1)")
  (net 30 "Net-(D7-Pad2)")
  (net 31 "Net-(D8-Pad2)")
  (net 32 "Net-(D8-Pad1)")
  (net 33 "Net-(J1-Pad3)")
  (net 34 "Net-(J1-Pad2)")
  (net 35 "Net-(R9-Pad1)")
  (net 36 "Net-(R10-Pad2)")
  (net 37 "Net-(R11-Pad2)")
  (net 38 "Net-(R12-Pad1)")
  (net 39 "Net-(R16-Pad1)")
  (net 40 "Net-(R17-Pad1)")
  (net 41 "Net-(R18-Pad1)")
  (net 42 "Net-(R19-Pad1)")
  (net 43 /LEDA)
  (net 44 "Net-(R20-Pad2)")
  (net 45 "Net-(R21-Pad2)")
  (net 46 /LEDB)
  (net 47 "Net-(U1-Pad41)")
  (net 48 "Net-(U1-Pad40)")
  (net 49 "Net-(U1-Pad39)")
  (net 50 "Net-(U1-Pad38)")
  (net 51 "Net-(U1-Pad37)")
  (net 52 "Net-(U1-Pad36)")
  (net 53 "Net-(U1-Pad33)")
  (net 54 "Net-(U1-Pad32)")
  (net 55 "Net-(U1-Pad31)")
  (net 56 "Net-(U1-Pad30)")
  (net 57 "Net-(U1-Pad29)")
  (net 58 "Net-(U1-Pad28)")
  (net 59 "Net-(U1-Pad13)")
  (net 60 "Net-(U1-Pad12)")
  (net 61 MISO)
  (net 62 MOSI)
  (net 63 SCK)
  (net 64 CS)
  (net 65 "Net-(U1-Pad1)")
  (net 66 "Net-(U2-Pad5)")
  (net 67 "Net-(U2-Pad6)")
  (net 68 "Net-(U2-Pad7)")
  (net 69 "Net-(U2-Pad8)")
  (net 70 "Net-(U2-Pad23)")
  (net 71 "Net-(U2-Pad25)")
  (net 72 "Net-(U2-Pad26)")
  (net 73 "Net-(U2-Pad27)")
  (net 74 "Net-(U2-Pad28)")
  (net 75 "Net-(U2-Pad29)")
  (net 76 "Net-(U2-Pad30)")
  (net 77 "Net-(U2-Pad31)")
  (net 78 "Net-(U2-Pad32)")
  (net 79 "Net-(U2-Pad38)")
  (net 80 "Net-(U2-Pad39)")
  (net 81 "Net-(U2-Pad40)")
  (net 82 "Net-(U2-Pad41)")

  (net_class Default "This is the default net class."
    (clearance 0.2)
    (trace_width 0.25)
    (via_dia 0.8)
    (via_drill 0.4)
    (uvia_dia 0.3)
    (uvia_drill 0.1)
    (add_net +3V3)
    (add_net +5V)
    (add_net /LEDA)
    (add_net /LEDB)
    (add_net CS)
    (add_net GND)
    (add_net MISO)
    (add_net MOSI)
    (add_net "Net-(C1-Pad2)")
    (add_net "Net-(C10-Pad1)")
    (add_net "Net-(C10-Pad2)")
    (add_net "Net-(C13-Pad1)")
    (add_net "Net-(C2-Pad1)")
    (add_net "Net-(C3-Pad2)")
    (add_net "Net-(C4-Pad1)")
    (add_net "Net-(C5-Pad1)")
    (add_net "Net-(C6-Pad1)")
    (add_net "Net-(C7-Pad1)")
    (add_net "Net-(C8-Pad1)")
    (add_net "Net-(C9-Pad1)")
    (add_net "Net-(C9-Pad2)")
    (add_net "Net-(D1-Pad1)")
    (add_net "Net-(D1-Pad2)")
    (add_net "Net-(D2-Pad1)")
    (add_net "Net-(D2-Pad2)")
    (add_net "Net-(D3-Pad1)")
    (add_net "Net-(D3-Pad2)")
    (add_net "Net-(D4-Pad1)")
    (add_net "Net-(D4-Pad2)")
    (add_net "Net-(D5-Pad1)")
    (add_net "Net-(D5-Pad2)")
    (add_net "Net-(D6-Pad1)")
    (add_net "Net-(D6-Pad2)")
    (add_net "Net-(D7-Pad1)")
    (add_net "Net-(D7-Pad2)")
    (add_net "Net-(D8-Pad1)")
    (add_net "Net-(D8-Pad2)")
    (add_net "Net-(J1-Pad2)")
    (add_net "Net-(J1-Pad3)")
    (add_net "Net-(R10-Pad2)")
    (add_net "Net-(R11-Pad2)")
    (add_net "Net-(R12-Pad1)")
    (add_net "Net-(R16-Pad1)")
    (add_net "Net-(R17-Pad1)")
    (add_net "Net-(R18-Pad1)")
    (add_net "Net-(R19-Pad1)")
    (add_net "Net-(R20-Pad2)")
    (add_net "Net-(R21-Pad2)")
    (add_net "Net-(R9-Pad1)")
    (add_net "Net-(U1-Pad1)")
    (add_net "Net-(U1-Pad12)")
    (add_net "Net-(U1-Pad13)")
    (add_net "Net-(U1-Pad28)")
    (add_net "Net-(U1-Pad29)")
    (add_net "Net-(U1-Pad30)")
    (add_net "Net-(U1-Pad31)")
    (add_net "Net-(U1-Pad32)")
    (add_net "Net-(U1-Pad33)")
    (add_net "Net-(U1-Pad36)")
    (add_net "Net-(U1-Pad37)")
    (add_net "Net-(U1-Pad38)")
    (add_net "Net-(U1-Pad39)")
    (add_net "Net-(U1-Pad40)")
    (add_net "Net-(U1-Pad41)")
    (add_net "Net-(U2-Pad23)")
    (add_net "Net-(U2-Pad25)")
    (add_net "Net-(U2-Pad26)")
    (add_net "Net-(U2-Pad27)")
    (add_net "Net-(U2-Pad28)")
    (add_net "Net-(U2-Pad29)")
    (add_net "Net-(U2-Pad30)")
    (add_net "Net-(U2-Pad31)")
    (add_net "Net-(U2-Pad32)")
    (add_net "Net-(U2-Pad38)")
    (add_net "Net-(U2-Pad39)")
    (add_net "Net-(U2-Pad40)")
    (add_net "Net-(U2-Pad41)")
    (add_net "Net-(U2-Pad5)")
    (add_net "Net-(U2-Pad6)")
    (add_net "Net-(U2-Pad7)")
    (add_net "Net-(U2-Pad8)")
    (add_net SCK)
  )

  (module Capacitor_SMD:C_0805_2012Metric (layer F.Cu) (tedit 5B36C52B) (tstamp 60E580DD)
    (at 93.2 81.4)
    (descr "Capacitor SMD 0805 (2012 Metric), square (rectangular) end terminal, IPC_7351 nominal, (Body size source: https://docs.google.com/spreadsheets/d/1BsfQQcO9C6DZCsRaXUlFlo91Tg2WpOkGARC1WS5S8t0/edit?usp=sharing), generated with kicad-footprint-generator")
    (tags capacitor)
    (path /6104B54E)
    (attr smd)
    (fp_text reference C1 (at 0 -1.65) (layer F.SilkS)
      (effects (font (size 1 1) (thickness 0.15)))
    )
    (fp_text value 22pF (at 0 1.65) (layer F.Fab)
      (effects (font (size 1 1) (thickness 0.15)))
    )
    (fp_line (start -1 0.6) (end -1 -0.6) (layer F.Fab) (width 0.1))
    (fp_line (start -1 -0.6) (end 1 -0.6) (layer F.Fab) (width 0.1))
    (fp_line (start 1 -0.6) (end 1 0.6) (layer F.Fab) (width 0.1))
    (fp_line (start 1 0.6) (end -1 0.6) (layer F.Fab) (width 0.1))
    (fp_line (start -0.258578 -0.71) (end 0.258578 -0.71) (layer F.SilkS) (width 0.12))
    (fp_line (start -0.258578 0.71) (end 0.258578 0.71) (layer F.SilkS) (width 0.12))
    (fp_line (start -1.68 0.95) (end -1.68 -0.95) (layer F.CrtYd) (width 0.05))
    (fp_line (start -1.68 -0.95) (end 1.68 -0.95) (layer F.CrtYd) (width 0.05))
    (fp_line (start 1.68 -0.95) (end 1.68 0.95) (layer F.CrtYd) (width 0.05))
    (fp_line (start 1.68 0.95) (end -1.68 0.95) (layer F.CrtYd) (width 0.05))
    (fp_text user %R (at 0 0) (layer F.Fab)
      (effects (font (size 0.5 0.5) (thickness 0.08)))
    )
    (pad 1 smd roundrect (at -0.9375 0) (size 0.975 1.4) (layers F.Cu F.Paste F.Mask) (roundrect_rratio 0.25)
      (net 1 GND))
    (pad 2 smd roundrect (at 0.9375 0) (size 0.975 1.4) (layers F.Cu F.Paste F.Mask) (roundrect_rratio 0.25)
      (net 2 "Net-(C1-Pad2)"))
    (model ${KISYS3DMOD}/Capacitor_SMD.3dshapes/C_0805_2012Metric.wrl
      (at (xyz 0 0 0))
      (scale (xyz 1 1 1))
      (rotate (xyz 0 0 0))
    )
  )

  (module Capacitor_SMD:C_0805_2012Metric (layer F.Cu) (tedit 5B36C52B) (tstamp 60E580EE)
    (at 93.2 73 180)
    (descr "Capacitor SMD 0805 (2012 Metric), square (rectangular) end terminal, IPC_7351 nominal, (Body size source: https://docs.google.com/spreadsheets/d/1BsfQQcO9C6DZCsRaXUlFlo91Tg2WpOkGARC1WS5S8t0/edit?usp=sharing), generated with kicad-footprint-generator")
    (tags capacitor)
    (path /618912A0)
    (attr smd)
    (fp_text reference C2 (at 0 -1.65) (layer F.SilkS)
      (effects (font (size 1 1) (thickness 0.15)))
    )
    (fp_text value 22pF (at 0 1.65) (layer F.Fab)
      (effects (font (size 1 1) (thickness 0.15)))
    )
    (fp_line (start 1.68 0.95) (end -1.68 0.95) (layer F.CrtYd) (width 0.05))
    (fp_line (start 1.68 -0.95) (end 1.68 0.95) (layer F.CrtYd) (width 0.05))
    (fp_line (start -1.68 -0.95) (end 1.68 -0.95) (layer F.CrtYd) (width 0.05))
    (fp_line (start -1.68 0.95) (end -1.68 -0.95) (layer F.CrtYd) (width 0.05))
    (fp_line (start -0.258578 0.71) (end 0.258578 0.71) (layer F.SilkS) (width 0.12))
    (fp_line (start -0.258578 -0.71) (end 0.258578 -0.71) (layer F.SilkS) (width 0.12))
    (fp_line (start 1 0.6) (end -1 0.6) (layer F.Fab) (width 0.1))
    (fp_line (start 1 -0.6) (end 1 0.6) (layer F.Fab) (width 0.1))
    (fp_line (start -1 -0.6) (end 1 -0.6) (layer F.Fab) (width 0.1))
    (fp_line (start -1 0.6) (end -1 -0.6) (layer F.Fab) (width 0.1))
    (fp_text user %R (at 0 0) (layer F.Fab)
      (effects (font (size 0.5 0.5) (thickness 0.08)))
    )
    (pad 2 smd roundrect (at 0.9375 0 180) (size 0.975 1.4) (layers F.Cu F.Paste F.Mask) (roundrect_rratio 0.25)
      (net 1 GND))
    (pad 1 smd roundrect (at -0.9375 0 180) (size 0.975 1.4) (layers F.Cu F.Paste F.Mask) (roundrect_rratio 0.25)
      (net 3 "Net-(C2-Pad1)"))
    (model ${KISYS3DMOD}/Capacitor_SMD.3dshapes/C_0805_2012Metric.wrl
      (at (xyz 0 0 0))
      (scale (xyz 1 1 1))
      (rotate (xyz 0 0 0))
    )
  )

  (module Capacitor_SMD:C_0805_2012Metric (layer F.Cu) (tedit 5B36C52B) (tstamp 60E580FF)
    (at 108.2 68.2 315)
    (descr "Capacitor SMD 0805 (2012 Metric), square (rectangular) end terminal, IPC_7351 nominal, (Body size source: https://docs.google.com/spreadsheets/d/1BsfQQcO9C6DZCsRaXUlFlo91Tg2WpOkGARC1WS5S8t0/edit?usp=sharing), generated with kicad-footprint-generator")
    (tags capacitor)
    (path /60FE3025)
    (attr smd)
    (fp_text reference C3 (at 0 -1.65 135) (layer F.SilkS)
      (effects (font (size 1 1) (thickness 0.15)))
    )
    (fp_text value 1µF (at 0 1.65 135) (layer F.Fab)
      (effects (font (size 1 1) (thickness 0.15)))
    )
    (fp_line (start 1.68 0.95) (end -1.68 0.95) (layer F.CrtYd) (width 0.05))
    (fp_line (start 1.68 -0.95) (end 1.68 0.95) (layer F.CrtYd) (width 0.05))
    (fp_line (start -1.68 -0.95) (end 1.68 -0.95) (layer F.CrtYd) (width 0.05))
    (fp_line (start -1.68 0.95) (end -1.68 -0.95) (layer F.CrtYd) (width 0.05))
    (fp_line (start -0.258578 0.71) (end 0.258578 0.71) (layer F.SilkS) (width 0.12))
    (fp_line (start -0.258578 -0.71) (end 0.258578 -0.71) (layer F.SilkS) (width 0.12))
    (fp_line (start 1 0.6) (end -1 0.6) (layer F.Fab) (width 0.1))
    (fp_line (start 1 -0.6) (end 1 0.6) (layer F.Fab) (width 0.1))
    (fp_line (start -1 -0.6) (end 1 -0.6) (layer F.Fab) (width 0.1))
    (fp_line (start -1 0.6) (end -1 -0.6) (layer F.Fab) (width 0.1))
    (fp_text user %R (at 0 0 135) (layer F.Fab)
      (effects (font (size 0.5 0.5) (thickness 0.08)))
    )
    (pad 2 smd roundrect (at 0.9375 0 315) (size 0.975 1.4) (layers F.Cu F.Paste F.Mask) (roundrect_rratio 0.25)
      (net 4 "Net-(C3-Pad2)"))
    (pad 1 smd roundrect (at -0.9375 0 315) (size 0.975 1.4) (layers F.Cu F.Paste F.Mask) (roundrect_rratio 0.25)
      (net 1 GND))
    (model ${KISYS3DMOD}/Capacitor_SMD.3dshapes/C_0805_2012Metric.wrl
      (at (xyz 0 0 0))
      (scale (xyz 1 1 1))
      (rotate (xyz 0 0 0))
    )
  )

  (module Capacitor_SMD:C_0805_2012Metric (layer F.Cu) (tedit 5B36C52B) (tstamp 60E58110)
    (at 151.2 76 135)
    (descr "Capacitor SMD 0805 (2012 Metric), square (rectangular) end terminal, IPC_7351 nominal, (Body size source: https://docs.google.com/spreadsheets/d/1BsfQQcO9C6DZCsRaXUlFlo91Tg2WpOkGARC1WS5S8t0/edit?usp=sharing), generated with kicad-footprint-generator")
    (tags capacitor)
    (path /60CFB72B)
    (attr smd)
    (fp_text reference C4 (at 0 -1.65 135) (layer F.SilkS)
      (effects (font (size 1 1) (thickness 0.15)))
    )
    (fp_text value 10µF (at 0 1.65 135) (layer F.Fab)
      (effects (font (size 1 1) (thickness 0.15)))
    )
    (fp_line (start -1 0.6) (end -1 -0.6) (layer F.Fab) (width 0.1))
    (fp_line (start -1 -0.6) (end 1 -0.6) (layer F.Fab) (width 0.1))
    (fp_line (start 1 -0.6) (end 1 0.6) (layer F.Fab) (width 0.1))
    (fp_line (start 1 0.6) (end -1 0.6) (layer F.Fab) (width 0.1))
    (fp_line (start -0.258578 -0.71) (end 0.258578 -0.71) (layer F.SilkS) (width 0.12))
    (fp_line (start -0.258578 0.71) (end 0.258578 0.71) (layer F.SilkS) (width 0.12))
    (fp_line (start -1.68 0.95) (end -1.68 -0.95) (layer F.CrtYd) (width 0.05))
    (fp_line (start -1.68 -0.95) (end 1.68 -0.95) (layer F.CrtYd) (width 0.05))
    (fp_line (start 1.68 -0.95) (end 1.68 0.95) (layer F.CrtYd) (width 0.05))
    (fp_line (start 1.68 0.95) (end -1.68 0.95) (layer F.CrtYd) (width 0.05))
    (fp_text user %R (at 0 0 135) (layer F.Fab)
      (effects (font (size 0.5 0.5) (thickness 0.08)))
    )
    (pad 1 smd roundrect (at -0.9375 0 135) (size 0.975 1.4) (layers F.Cu F.Paste F.Mask) (roundrect_rratio 0.25)
      (net 5 "Net-(C4-Pad1)"))
    (pad 2 smd roundrect (at 0.9375 0 135) (size 0.975 1.4) (layers F.Cu F.Paste F.Mask) (roundrect_rratio 0.25)
      (net 1 GND))
    (model ${KISYS3DMOD}/Capacitor_SMD.3dshapes/C_0805_2012Metric.wrl
      (at (xyz 0 0 0))
      (scale (xyz 1 1 1))
      (rotate (xyz 0 0 0))
    )
  )

  (module Capacitor_SMD:C_0805_2012Metric (layer F.Cu) (tedit 5B36C52B) (tstamp 60E58121)
    (at 150.8 56.8 270)
    (descr "Capacitor SMD 0805 (2012 Metric), square (rectangular) end terminal, IPC_7351 nominal, (Body size source: https://docs.google.com/spreadsheets/d/1BsfQQcO9C6DZCsRaXUlFlo91Tg2WpOkGARC1WS5S8t0/edit?usp=sharing), generated with kicad-footprint-generator")
    (tags capacitor)
    (path /60DBF530)
    (attr smd)
    (fp_text reference C5 (at 0 -1.65 90) (layer F.SilkS)
      (effects (font (size 1 1) (thickness 0.15)))
    )
    (fp_text value 0.01µF (at 0 1.65 90) (layer F.Fab)
      (effects (font (size 1 1) (thickness 0.15)))
    )
    (fp_line (start 1.68 0.95) (end -1.68 0.95) (layer F.CrtYd) (width 0.05))
    (fp_line (start 1.68 -0.95) (end 1.68 0.95) (layer F.CrtYd) (width 0.05))
    (fp_line (start -1.68 -0.95) (end 1.68 -0.95) (layer F.CrtYd) (width 0.05))
    (fp_line (start -1.68 0.95) (end -1.68 -0.95) (layer F.CrtYd) (width 0.05))
    (fp_line (start -0.258578 0.71) (end 0.258578 0.71) (layer F.SilkS) (width 0.12))
    (fp_line (start -0.258578 -0.71) (end 0.258578 -0.71) (layer F.SilkS) (width 0.12))
    (fp_line (start 1 0.6) (end -1 0.6) (layer F.Fab) (width 0.1))
    (fp_line (start 1 -0.6) (end 1 0.6) (layer F.Fab) (width 0.1))
    (fp_line (start -1 -0.6) (end 1 -0.6) (layer F.Fab) (width 0.1))
    (fp_line (start -1 0.6) (end -1 -0.6) (layer F.Fab) (width 0.1))
    (fp_text user %R (at 0 0 90) (layer F.Fab)
      (effects (font (size 0.5 0.5) (thickness 0.08)))
    )
    (pad 2 smd roundrect (at 0.9375 0 270) (size 0.975 1.4) (layers F.Cu F.Paste F.Mask) (roundrect_rratio 0.25)
      (net 1 GND))
    (pad 1 smd roundrect (at -0.9375 0 270) (size 0.975 1.4) (layers F.Cu F.Paste F.Mask) (roundrect_rratio 0.25)
      (net 6 "Net-(C5-Pad1)"))
    (model ${KISYS3DMOD}/Capacitor_SMD.3dshapes/C_0805_2012Metric.wrl
      (at (xyz 0 0 0))
      (scale (xyz 1 1 1))
      (rotate (xyz 0 0 0))
    )
  )

  (module Capacitor_SMD:C_0805_2012Metric (layer F.Cu) (tedit 5B36C52B) (tstamp 60E58132)
    (at 142.8 62.8 270)
    (descr "Capacitor SMD 0805 (2012 Metric), square (rectangular) end terminal, IPC_7351 nominal, (Body size source: https://docs.google.com/spreadsheets/d/1BsfQQcO9C6DZCsRaXUlFlo91Tg2WpOkGARC1WS5S8t0/edit?usp=sharing), generated with kicad-footprint-generator")
    (tags capacitor)
    (path /61B9B965)
    (attr smd)
    (fp_text reference C6 (at 0 -1.65 90) (layer F.SilkS)
      (effects (font (size 1 1) (thickness 0.15)))
    )
    (fp_text value 0.01µF (at 0 1.65 90) (layer F.Fab)
      (effects (font (size 1 1) (thickness 0.15)))
    )
    (fp_line (start -1 0.6) (end -1 -0.6) (layer F.Fab) (width 0.1))
    (fp_line (start -1 -0.6) (end 1 -0.6) (layer F.Fab) (width 0.1))
    (fp_line (start 1 -0.6) (end 1 0.6) (layer F.Fab) (width 0.1))
    (fp_line (start 1 0.6) (end -1 0.6) (layer F.Fab) (width 0.1))
    (fp_line (start -0.258578 -0.71) (end 0.258578 -0.71) (layer F.SilkS) (width 0.12))
    (fp_line (start -0.258578 0.71) (end 0.258578 0.71) (layer F.SilkS) (width 0.12))
    (fp_line (start -1.68 0.95) (end -1.68 -0.95) (layer F.CrtYd) (width 0.05))
    (fp_line (start -1.68 -0.95) (end 1.68 -0.95) (layer F.CrtYd) (width 0.05))
    (fp_line (start 1.68 -0.95) (end 1.68 0.95) (layer F.CrtYd) (width 0.05))
    (fp_line (start 1.68 0.95) (end -1.68 0.95) (layer F.CrtYd) (width 0.05))
    (fp_text user %R (at 0 0 90) (layer F.Fab)
      (effects (font (size 0.5 0.5) (thickness 0.08)))
    )
    (pad 1 smd roundrect (at -0.9375 0 270) (size 0.975 1.4) (layers F.Cu F.Paste F.Mask) (roundrect_rratio 0.25)
      (net 7 "Net-(C6-Pad1)"))
    (pad 2 smd roundrect (at 0.9375 0 270) (size 0.975 1.4) (layers F.Cu F.Paste F.Mask) (roundrect_rratio 0.25)
      (net 1 GND))
    (model ${KISYS3DMOD}/Capacitor_SMD.3dshapes/C_0805_2012Metric.wrl
      (at (xyz 0 0 0))
      (scale (xyz 1 1 1))
      (rotate (xyz 0 0 0))
    )
  )

  (module Capacitor_SMD:C_0805_2012Metric (layer F.Cu) (tedit 5B36C52B) (tstamp 60E58143)
    (at 136.1375 89.4)
    (descr "Capacitor SMD 0805 (2012 Metric), square (rectangular) end terminal, IPC_7351 nominal, (Body size source: https://docs.google.com/spreadsheets/d/1BsfQQcO9C6DZCsRaXUlFlo91Tg2WpOkGARC1WS5S8t0/edit?usp=sharing), generated with kicad-footprint-generator")
    (tags capacitor)
    (path /61BC9A6C)
    (attr smd)
    (fp_text reference C7 (at 0 -1.65) (layer F.SilkS)
      (effects (font (size 1 1) (thickness 0.15)))
    )
    (fp_text value 22pF (at 0 1.65) (layer F.Fab)
      (effects (font (size 1 1) (thickness 0.15)))
    )
    (fp_line (start -1 0.6) (end -1 -0.6) (layer F.Fab) (width 0.1))
    (fp_line (start -1 -0.6) (end 1 -0.6) (layer F.Fab) (width 0.1))
    (fp_line (start 1 -0.6) (end 1 0.6) (layer F.Fab) (width 0.1))
    (fp_line (start 1 0.6) (end -1 0.6) (layer F.Fab) (width 0.1))
    (fp_line (start -0.258578 -0.71) (end 0.258578 -0.71) (layer F.SilkS) (width 0.12))
    (fp_line (start -0.258578 0.71) (end 0.258578 0.71) (layer F.SilkS) (width 0.12))
    (fp_line (start -1.68 0.95) (end -1.68 -0.95) (layer F.CrtYd) (width 0.05))
    (fp_line (start -1.68 -0.95) (end 1.68 -0.95) (layer F.CrtYd) (width 0.05))
    (fp_line (start 1.68 -0.95) (end 1.68 0.95) (layer F.CrtYd) (width 0.05))
    (fp_line (start 1.68 0.95) (end -1.68 0.95) (layer F.CrtYd) (width 0.05))
    (fp_text user %R (at 0 0) (layer F.Fab)
      (effects (font (size 0.5 0.5) (thickness 0.08)))
    )
    (pad 1 smd roundrect (at -0.9375 0) (size 0.975 1.4) (layers F.Cu F.Paste F.Mask) (roundrect_rratio 0.25)
      (net 8 "Net-(C7-Pad1)"))
    (pad 2 smd roundrect (at 0.9375 0) (size 0.975 1.4) (layers F.Cu F.Paste F.Mask) (roundrect_rratio 0.25)
      (net 1 GND))
    (model ${KISYS3DMOD}/Capacitor_SMD.3dshapes/C_0805_2012Metric.wrl
      (at (xyz 0 0 0))
      (scale (xyz 1 1 1))
      (rotate (xyz 0 0 0))
    )
  )

  (module Capacitor_SMD:C_0805_2012Metric (layer F.Cu) (tedit 5B36C52B) (tstamp 60E5950D)
    (at 146.1 89.2)
    (descr "Capacitor SMD 0805 (2012 Metric), square (rectangular) end terminal, IPC_7351 nominal, (Body size source: https://docs.google.com/spreadsheets/d/1BsfQQcO9C6DZCsRaXUlFlo91Tg2WpOkGARC1WS5S8t0/edit?usp=sharing), generated with kicad-footprint-generator")
    (tags capacitor)
    (path /61BDD90A)
    (attr smd)
    (fp_text reference C8 (at 0 -1.65) (layer F.SilkS)
      (effects (font (size 1 1) (thickness 0.15)))
    )
    (fp_text value 22pF (at 0 1.65) (layer F.Fab)
      (effects (font (size 1 1) (thickness 0.15)))
    )
    (fp_line (start 1.68 0.95) (end -1.68 0.95) (layer F.CrtYd) (width 0.05))
    (fp_line (start 1.68 -0.95) (end 1.68 0.95) (layer F.CrtYd) (width 0.05))
    (fp_line (start -1.68 -0.95) (end 1.68 -0.95) (layer F.CrtYd) (width 0.05))
    (fp_line (start -1.68 0.95) (end -1.68 -0.95) (layer F.CrtYd) (width 0.05))
    (fp_line (start -0.258578 0.71) (end 0.258578 0.71) (layer F.SilkS) (width 0.12))
    (fp_line (start -0.258578 -0.71) (end 0.258578 -0.71) (layer F.SilkS) (width 0.12))
    (fp_line (start 1 0.6) (end -1 0.6) (layer F.Fab) (width 0.1))
    (fp_line (start 1 -0.6) (end 1 0.6) (layer F.Fab) (width 0.1))
    (fp_line (start -1 -0.6) (end 1 -0.6) (layer F.Fab) (width 0.1))
    (fp_line (start -1 0.6) (end -1 -0.6) (layer F.Fab) (width 0.1))
    (fp_text user %R (at 0 0) (layer F.Fab)
      (effects (font (size 0.5 0.5) (thickness 0.08)))
    )
    (pad 2 smd roundrect (at 0.9375 0) (size 0.975 1.4) (layers F.Cu F.Paste F.Mask) (roundrect_rratio 0.25)
      (net 1 GND))
    (pad 1 smd roundrect (at -0.9375 0) (size 0.975 1.4) (layers F.Cu F.Paste F.Mask) (roundrect_rratio 0.25)
      (net 9 "Net-(C8-Pad1)"))
    (model ${KISYS3DMOD}/Capacitor_SMD.3dshapes/C_0805_2012Metric.wrl
      (at (xyz 0 0 0))
      (scale (xyz 1 1 1))
      (rotate (xyz 0 0 0))
    )
  )

  (module Capacitor_SMD:C_0805_2012Metric (layer F.Cu) (tedit 5B36C52B) (tstamp 60E58165)
    (at 139 62.8 90)
    (descr "Capacitor SMD 0805 (2012 Metric), square (rectangular) end terminal, IPC_7351 nominal, (Body size source: https://docs.google.com/spreadsheets/d/1BsfQQcO9C6DZCsRaXUlFlo91Tg2WpOkGARC1WS5S8t0/edit?usp=sharing), generated with kicad-footprint-generator")
    (tags capacitor)
    (path /619AF40A)
    (attr smd)
    (fp_text reference C9 (at 0 -1.65 90) (layer F.SilkS)
      (effects (font (size 1 1) (thickness 0.15)))
    )
    (fp_text value 6.8nF (at 0 1.65 90) (layer F.Fab)
      (effects (font (size 1 1) (thickness 0.15)))
    )
    (fp_line (start -1 0.6) (end -1 -0.6) (layer F.Fab) (width 0.1))
    (fp_line (start -1 -0.6) (end 1 -0.6) (layer F.Fab) (width 0.1))
    (fp_line (start 1 -0.6) (end 1 0.6) (layer F.Fab) (width 0.1))
    (fp_line (start 1 0.6) (end -1 0.6) (layer F.Fab) (width 0.1))
    (fp_line (start -0.258578 -0.71) (end 0.258578 -0.71) (layer F.SilkS) (width 0.12))
    (fp_line (start -0.258578 0.71) (end 0.258578 0.71) (layer F.SilkS) (width 0.12))
    (fp_line (start -1.68 0.95) (end -1.68 -0.95) (layer F.CrtYd) (width 0.05))
    (fp_line (start -1.68 -0.95) (end 1.68 -0.95) (layer F.CrtYd) (width 0.05))
    (fp_line (start 1.68 -0.95) (end 1.68 0.95) (layer F.CrtYd) (width 0.05))
    (fp_line (start 1.68 0.95) (end -1.68 0.95) (layer F.CrtYd) (width 0.05))
    (fp_text user %R (at 0 0 90) (layer F.Fab)
      (effects (font (size 0.5 0.5) (thickness 0.08)))
    )
    (pad 1 smd roundrect (at -0.9375 0 90) (size 0.975 1.4) (layers F.Cu F.Paste F.Mask) (roundrect_rratio 0.25)
      (net 10 "Net-(C9-Pad1)"))
    (pad 2 smd roundrect (at 0.9375 0 90) (size 0.975 1.4) (layers F.Cu F.Paste F.Mask) (roundrect_rratio 0.25)
      (net 11 "Net-(C9-Pad2)"))
    (model ${KISYS3DMOD}/Capacitor_SMD.3dshapes/C_0805_2012Metric.wrl
      (at (xyz 0 0 0))
      (scale (xyz 1 1 1))
      (rotate (xyz 0 0 0))
    )
  )

  (module Capacitor_SMD:C_0805_2012Metric (layer F.Cu) (tedit 5B36C52B) (tstamp 60E59346)
    (at 134.4 56.6 90)
    (descr "Capacitor SMD 0805 (2012 Metric), square (rectangular) end terminal, IPC_7351 nominal, (Body size source: https://docs.google.com/spreadsheets/d/1BsfQQcO9C6DZCsRaXUlFlo91Tg2WpOkGARC1WS5S8t0/edit?usp=sharing), generated with kicad-footprint-generator")
    (tags capacitor)
    (path /61B7258A)
    (attr smd)
    (fp_text reference C10 (at 0 -1.65 90) (layer F.SilkS)
      (effects (font (size 1 1) (thickness 0.15)))
    )
    (fp_text value 6.8nF (at 0 1.65 90) (layer F.Fab)
      (effects (font (size 1 1) (thickness 0.15)))
    )
    (fp_line (start -1 0.6) (end -1 -0.6) (layer F.Fab) (width 0.1))
    (fp_line (start -1 -0.6) (end 1 -0.6) (layer F.Fab) (width 0.1))
    (fp_line (start 1 -0.6) (end 1 0.6) (layer F.Fab) (width 0.1))
    (fp_line (start 1 0.6) (end -1 0.6) (layer F.Fab) (width 0.1))
    (fp_line (start -0.258578 -0.71) (end 0.258578 -0.71) (layer F.SilkS) (width 0.12))
    (fp_line (start -0.258578 0.71) (end 0.258578 0.71) (layer F.SilkS) (width 0.12))
    (fp_line (start -1.68 0.95) (end -1.68 -0.95) (layer F.CrtYd) (width 0.05))
    (fp_line (start -1.68 -0.95) (end 1.68 -0.95) (layer F.CrtYd) (width 0.05))
    (fp_line (start 1.68 -0.95) (end 1.68 0.95) (layer F.CrtYd) (width 0.05))
    (fp_line (start 1.68 0.95) (end -1.68 0.95) (layer F.CrtYd) (width 0.05))
    (fp_text user %R (at 0 0 90) (layer F.Fab)
      (effects (font (size 0.5 0.5) (thickness 0.08)))
    )
    (pad 1 smd roundrect (at -0.9375 0 90) (size 0.975 1.4) (layers F.Cu F.Paste F.Mask) (roundrect_rratio 0.25)
      (net 12 "Net-(C10-Pad1)"))
    (pad 2 smd roundrect (at 0.9375 0 90) (size 0.975 1.4) (layers F.Cu F.Paste F.Mask) (roundrect_rratio 0.25)
      (net 13 "Net-(C10-Pad2)"))
    (model ${KISYS3DMOD}/Capacitor_SMD.3dshapes/C_0805_2012Metric.wrl
      (at (xyz 0 0 0))
      (scale (xyz 1 1 1))
      (rotate (xyz 0 0 0))
    )
  )

  (module Capacitor_SMD:C_0805_2012Metric (layer F.Cu) (tedit 5B36C52B) (tstamp 60E58187)
    (at 86.6 57)
    (descr "Capacitor SMD 0805 (2012 Metric), square (rectangular) end terminal, IPC_7351 nominal, (Body size source: https://docs.google.com/spreadsheets/d/1BsfQQcO9C6DZCsRaXUlFlo91Tg2WpOkGARC1WS5S8t0/edit?usp=sharing), generated with kicad-footprint-generator")
    (tags capacitor)
    (path /61B9E7DB)
    (attr smd)
    (fp_text reference C11 (at 0 -1.65) (layer F.SilkS)
      (effects (font (size 1 1) (thickness 0.15)))
    )
    (fp_text value 0.1µF (at 0 1.65) (layer F.Fab)
      (effects (font (size 1 1) (thickness 0.15)))
    )
    (fp_line (start 1.68 0.95) (end -1.68 0.95) (layer F.CrtYd) (width 0.05))
    (fp_line (start 1.68 -0.95) (end 1.68 0.95) (layer F.CrtYd) (width 0.05))
    (fp_line (start -1.68 -0.95) (end 1.68 -0.95) (layer F.CrtYd) (width 0.05))
    (fp_line (start -1.68 0.95) (end -1.68 -0.95) (layer F.CrtYd) (width 0.05))
    (fp_line (start -0.258578 0.71) (end 0.258578 0.71) (layer F.SilkS) (width 0.12))
    (fp_line (start -0.258578 -0.71) (end 0.258578 -0.71) (layer F.SilkS) (width 0.12))
    (fp_line (start 1 0.6) (end -1 0.6) (layer F.Fab) (width 0.1))
    (fp_line (start 1 -0.6) (end 1 0.6) (layer F.Fab) (width 0.1))
    (fp_line (start -1 -0.6) (end 1 -0.6) (layer F.Fab) (width 0.1))
    (fp_line (start -1 0.6) (end -1 -0.6) (layer F.Fab) (width 0.1))
    (fp_text user %R (at 0 0) (layer F.Fab)
      (effects (font (size 0.5 0.5) (thickness 0.08)))
    )
    (pad 2 smd roundrect (at 0.9375 0) (size 0.975 1.4) (layers F.Cu F.Paste F.Mask) (roundrect_rratio 0.25)
      (net 1 GND))
    (pad 1 smd roundrect (at -0.9375 0) (size 0.975 1.4) (layers F.Cu F.Paste F.Mask) (roundrect_rratio 0.25)
      (net 14 +5V))
    (model ${KISYS3DMOD}/Capacitor_SMD.3dshapes/C_0805_2012Metric.wrl
      (at (xyz 0 0 0))
      (scale (xyz 1 1 1))
      (rotate (xyz 0 0 0))
    )
  )

  (module Capacitor_SMD:C_Elec_10x10.2 (layer F.Cu) (tedit 5BC8D926) (tstamp 60E581AB)
    (at 103 56.4)
    (descr "SMD capacitor, aluminum electrolytic nonpolar, 10.0x10.2mm")
    (tags "capacitor electrolyic nonpolar")
    (path /60F25119)
    (attr smd)
    (fp_text reference C12 (at 0 -6.2) (layer F.SilkS)
      (effects (font (size 1 1) (thickness 0.15)))
    )
    (fp_text value 2.2µF (at 0 6.2) (layer F.Fab)
      (effects (font (size 1 1) (thickness 0.15)))
    )
    (fp_circle (center 0 0) (end 5 0) (layer F.Fab) (width 0.1))
    (fp_line (start 5.15 -5.15) (end 5.15 5.15) (layer F.Fab) (width 0.1))
    (fp_line (start -4.15 -5.15) (end 5.15 -5.15) (layer F.Fab) (width 0.1))
    (fp_line (start -4.15 5.15) (end 5.15 5.15) (layer F.Fab) (width 0.1))
    (fp_line (start -5.15 -4.15) (end -5.15 4.15) (layer F.Fab) (width 0.1))
    (fp_line (start -5.15 -4.15) (end -4.15 -5.15) (layer F.Fab) (width 0.1))
    (fp_line (start -5.15 4.15) (end -4.15 5.15) (layer F.Fab) (width 0.1))
    (fp_line (start 5.26 5.26) (end 5.26 1.31) (layer F.SilkS) (width 0.12))
    (fp_line (start 5.26 -5.26) (end 5.26 -1.31) (layer F.SilkS) (width 0.12))
    (fp_line (start -4.195563 -5.26) (end 5.26 -5.26) (layer F.SilkS) (width 0.12))
    (fp_line (start -4.195563 5.26) (end 5.26 5.26) (layer F.SilkS) (width 0.12))
    (fp_line (start -5.26 4.195563) (end -5.26 1.31) (layer F.SilkS) (width 0.12))
    (fp_line (start -5.26 -4.195563) (end -5.26 -1.31) (layer F.SilkS) (width 0.12))
    (fp_line (start -5.26 -4.195563) (end -4.195563 -5.26) (layer F.SilkS) (width 0.12))
    (fp_line (start -5.26 4.195563) (end -4.195563 5.26) (layer F.SilkS) (width 0.12))
    (fp_line (start 5.4 -5.4) (end 5.4 -1.3) (layer F.CrtYd) (width 0.05))
    (fp_line (start 5.4 -1.3) (end 6.95 -1.3) (layer F.CrtYd) (width 0.05))
    (fp_line (start 6.95 -1.3) (end 6.95 1.3) (layer F.CrtYd) (width 0.05))
    (fp_line (start 6.95 1.3) (end 5.4 1.3) (layer F.CrtYd) (width 0.05))
    (fp_line (start 5.4 1.3) (end 5.4 5.4) (layer F.CrtYd) (width 0.05))
    (fp_line (start -4.25 5.4) (end 5.4 5.4) (layer F.CrtYd) (width 0.05))
    (fp_line (start -4.25 -5.4) (end 5.4 -5.4) (layer F.CrtYd) (width 0.05))
    (fp_line (start -5.4 4.25) (end -4.25 5.4) (layer F.CrtYd) (width 0.05))
    (fp_line (start -5.4 -4.25) (end -4.25 -5.4) (layer F.CrtYd) (width 0.05))
    (fp_line (start -5.4 -4.25) (end -5.4 -1.3) (layer F.CrtYd) (width 0.05))
    (fp_line (start -5.4 1.3) (end -5.4 4.25) (layer F.CrtYd) (width 0.05))
    (fp_line (start -5.4 -1.3) (end -6.95 -1.3) (layer F.CrtYd) (width 0.05))
    (fp_line (start -6.95 -1.3) (end -6.95 1.3) (layer F.CrtYd) (width 0.05))
    (fp_line (start -6.95 1.3) (end -5.4 1.3) (layer F.CrtYd) (width 0.05))
    (fp_text user %R (at 0 0) (layer F.Fab)
      (effects (font (size 1 1) (thickness 0.15)))
    )
    (pad 1 smd roundrect (at -4.4 0) (size 4.6 2.1) (layers F.Cu F.Paste F.Mask) (roundrect_rratio 0.119048)
      (net 15 +3V3))
    (pad 2 smd roundrect (at 4.4 0) (size 4.6 2.1) (layers F.Cu F.Paste F.Mask) (roundrect_rratio 0.119048)
      (net 1 GND))
    (model ${KISYS3DMOD}/Capacitor_SMD.3dshapes/C_Elec_10x10.2.wrl
      (at (xyz 0 0 0))
      (scale (xyz 1 1 1))
      (rotate (xyz 0 0 0))
    )
  )

  (module Resistor_SMD:R_0805_2012Metric (layer F.Cu) (tedit 5B36C52B) (tstamp 60E581BC)
    (at 166.2 45)
    (descr "Resistor SMD 0805 (2012 Metric), square (rectangular) end terminal, IPC_7351 nominal, (Body size source: https://docs.google.com/spreadsheets/d/1BsfQQcO9C6DZCsRaXUlFlo91Tg2WpOkGARC1WS5S8t0/edit?usp=sharing), generated with kicad-footprint-generator")
    (tags resistor)
    (path /60E8E54A)
    (attr smd)
    (fp_text reference C13 (at 0 -1.65) (layer F.SilkS)
      (effects (font (size 1 1) (thickness 0.15)))
    )
    (fp_text value 1000pF (at 0 1.65) (layer F.Fab)
      (effects (font (size 1 1) (thickness 0.15)))
    )
    (fp_line (start -1 0.6) (end -1 -0.6) (layer F.Fab) (width 0.1))
    (fp_line (start -1 -0.6) (end 1 -0.6) (layer F.Fab) (width 0.1))
    (fp_line (start 1 -0.6) (end 1 0.6) (layer F.Fab) (width 0.1))
    (fp_line (start 1 0.6) (end -1 0.6) (layer F.Fab) (width 0.1))
    (fp_line (start -0.258578 -0.71) (end 0.258578 -0.71) (layer F.SilkS) (width 0.12))
    (fp_line (start -0.258578 0.71) (end 0.258578 0.71) (layer F.SilkS) (width 0.12))
    (fp_line (start -1.68 0.95) (end -1.68 -0.95) (layer F.CrtYd) (width 0.05))
    (fp_line (start -1.68 -0.95) (end 1.68 -0.95) (layer F.CrtYd) (width 0.05))
    (fp_line (start 1.68 -0.95) (end 1.68 0.95) (layer F.CrtYd) (width 0.05))
    (fp_line (start 1.68 0.95) (end -1.68 0.95) (layer F.CrtYd) (width 0.05))
    (fp_text user %R (at 0 0) (layer F.Fab)
      (effects (font (size 0.5 0.5) (thickness 0.08)))
    )
    (pad 1 smd roundrect (at -0.9375 0) (size 0.975 1.4) (layers F.Cu F.Paste F.Mask) (roundrect_rratio 0.25)
      (net 16 "Net-(C13-Pad1)"))
    (pad 2 smd roundrect (at 0.9375 0) (size 0.975 1.4) (layers F.Cu F.Paste F.Mask) (roundrect_rratio 0.25)
      (net 1 GND))
    (model ${KISYS3DMOD}/Resistor_SMD.3dshapes/R_0805_2012Metric.wrl
      (at (xyz 0 0 0))
      (scale (xyz 1 1 1))
      (rotate (xyz 0 0 0))
    )
  )

  (module Capacitor_SMD:C_0805_2012Metric (layer F.Cu) (tedit 5B36C52B) (tstamp 60E581CD)
    (at 170.6 86.4 315)
    (descr "Capacitor SMD 0805 (2012 Metric), square (rectangular) end terminal, IPC_7351 nominal, (Body size source: https://docs.google.com/spreadsheets/d/1BsfQQcO9C6DZCsRaXUlFlo91Tg2WpOkGARC1WS5S8t0/edit?usp=sharing), generated with kicad-footprint-generator")
    (tags capacitor)
    (path /60D16391)
    (attr smd)
    (fp_text reference C14 (at 0 -1.65 135) (layer F.SilkS)
      (effects (font (size 1 1) (thickness 0.15)))
    )
    (fp_text value 0.1µF (at 0 1.65 135) (layer F.Fab)
      (effects (font (size 1 1) (thickness 0.15)))
    )
    (fp_line (start 1.68 0.95) (end -1.68 0.95) (layer F.CrtYd) (width 0.05))
    (fp_line (start 1.68 -0.95) (end 1.68 0.95) (layer F.CrtYd) (width 0.05))
    (fp_line (start -1.68 -0.95) (end 1.68 -0.95) (layer F.CrtYd) (width 0.05))
    (fp_line (start -1.68 0.95) (end -1.68 -0.95) (layer F.CrtYd) (width 0.05))
    (fp_line (start -0.258578 0.71) (end 0.258578 0.71) (layer F.SilkS) (width 0.12))
    (fp_line (start -0.258578 -0.71) (end 0.258578 -0.71) (layer F.SilkS) (width 0.12))
    (fp_line (start 1 0.6) (end -1 0.6) (layer F.Fab) (width 0.1))
    (fp_line (start 1 -0.6) (end 1 0.6) (layer F.Fab) (width 0.1))
    (fp_line (start -1 -0.6) (end 1 -0.6) (layer F.Fab) (width 0.1))
    (fp_line (start -1 0.6) (end -1 -0.6) (layer F.Fab) (width 0.1))
    (fp_text user %R (at 0 0 135) (layer F.Fab)
      (effects (font (size 0.5 0.5) (thickness 0.08)))
    )
    (pad 2 smd roundrect (at 0.9375 0 315) (size 0.975 1.4) (layers F.Cu F.Paste F.Mask) (roundrect_rratio 0.25)
      (net 15 +3V3))
    (pad 1 smd roundrect (at -0.9375 0 315) (size 0.975 1.4) (layers F.Cu F.Paste F.Mask) (roundrect_rratio 0.25)
      (net 1 GND))
    (model ${KISYS3DMOD}/Capacitor_SMD.3dshapes/C_0805_2012Metric.wrl
      (at (xyz 0 0 0))
      (scale (xyz 1 1 1))
      (rotate (xyz 0 0 0))
    )
  )

  (module Capacitor_SMD:C_0805_2012Metric (layer F.Cu) (tedit 5B36C52B) (tstamp 60E5EA3D)
    (at 163.4 93 315)
    (descr "Capacitor SMD 0805 (2012 Metric), square (rectangular) end terminal, IPC_7351 nominal, (Body size source: https://docs.google.com/spreadsheets/d/1BsfQQcO9C6DZCsRaXUlFlo91Tg2WpOkGARC1WS5S8t0/edit?usp=sharing), generated with kicad-footprint-generator")
    (tags capacitor)
    (path /61B9C84E)
    (attr smd)
    (fp_text reference C15 (at 0 -1.65 135) (layer F.SilkS)
      (effects (font (size 1 1) (thickness 0.15)))
    )
    (fp_text value 0.1µF (at 0 1.65 135) (layer F.Fab)
      (effects (font (size 1 1) (thickness 0.15)))
    )
    (fp_line (start 1.68 0.95) (end -1.68 0.95) (layer F.CrtYd) (width 0.05))
    (fp_line (start 1.68 -0.95) (end 1.68 0.95) (layer F.CrtYd) (width 0.05))
    (fp_line (start -1.68 -0.95) (end 1.68 -0.95) (layer F.CrtYd) (width 0.05))
    (fp_line (start -1.68 0.95) (end -1.68 -0.95) (layer F.CrtYd) (width 0.05))
    (fp_line (start -0.258578 0.71) (end 0.258578 0.71) (layer F.SilkS) (width 0.12))
    (fp_line (start -0.258578 -0.71) (end 0.258578 -0.71) (layer F.SilkS) (width 0.12))
    (fp_line (start 1 0.6) (end -1 0.6) (layer F.Fab) (width 0.1))
    (fp_line (start 1 -0.6) (end 1 0.6) (layer F.Fab) (width 0.1))
    (fp_line (start -1 -0.6) (end 1 -0.6) (layer F.Fab) (width 0.1))
    (fp_line (start -1 0.6) (end -1 -0.6) (layer F.Fab) (width 0.1))
    (fp_text user %R (at 0 0 135) (layer F.Fab)
      (effects (font (size 0.5 0.5) (thickness 0.08)))
    )
    (pad 2 smd roundrect (at 0.9375 0 315) (size 0.975 1.4) (layers F.Cu F.Paste F.Mask) (roundrect_rratio 0.25)
      (net 15 +3V3))
    (pad 1 smd roundrect (at -0.9375 0 315) (size 0.975 1.4) (layers F.Cu F.Paste F.Mask) (roundrect_rratio 0.25)
      (net 1 GND))
    (model ${KISYS3DMOD}/Capacitor_SMD.3dshapes/C_0805_2012Metric.wrl
      (at (xyz 0 0 0))
      (scale (xyz 1 1 1))
      (rotate (xyz 0 0 0))
    )
  )

  (module Capacitor_SMD:C_0805_2012Metric (layer F.Cu) (tedit 5B36C52B) (tstamp 60E581EF)
    (at 148 79.4 315)
    (descr "Capacitor SMD 0805 (2012 Metric), square (rectangular) end terminal, IPC_7351 nominal, (Body size source: https://docs.google.com/spreadsheets/d/1BsfQQcO9C6DZCsRaXUlFlo91Tg2WpOkGARC1WS5S8t0/edit?usp=sharing), generated with kicad-footprint-generator")
    (tags capacitor)
    (path /61B9CCDA)
    (attr smd)
    (fp_text reference C16 (at 0 -1.65 135) (layer F.SilkS)
      (effects (font (size 1 1) (thickness 0.15)))
    )
    (fp_text value 0.1µF (at 0 1.65 135) (layer F.Fab)
      (effects (font (size 1 1) (thickness 0.15)))
    )
    (fp_line (start -1 0.6) (end -1 -0.6) (layer F.Fab) (width 0.1))
    (fp_line (start -1 -0.6) (end 1 -0.6) (layer F.Fab) (width 0.1))
    (fp_line (start 1 -0.6) (end 1 0.6) (layer F.Fab) (width 0.1))
    (fp_line (start 1 0.6) (end -1 0.6) (layer F.Fab) (width 0.1))
    (fp_line (start -0.258578 -0.71) (end 0.258578 -0.71) (layer F.SilkS) (width 0.12))
    (fp_line (start -0.258578 0.71) (end 0.258578 0.71) (layer F.SilkS) (width 0.12))
    (fp_line (start -1.68 0.95) (end -1.68 -0.95) (layer F.CrtYd) (width 0.05))
    (fp_line (start -1.68 -0.95) (end 1.68 -0.95) (layer F.CrtYd) (width 0.05))
    (fp_line (start 1.68 -0.95) (end 1.68 0.95) (layer F.CrtYd) (width 0.05))
    (fp_line (start 1.68 0.95) (end -1.68 0.95) (layer F.CrtYd) (width 0.05))
    (fp_text user %R (at 0 0 135) (layer F.Fab)
      (effects (font (size 0.5 0.5) (thickness 0.08)))
    )
    (pad 1 smd roundrect (at -0.9375 0 315) (size 0.975 1.4) (layers F.Cu F.Paste F.Mask) (roundrect_rratio 0.25)
      (net 1 GND))
    (pad 2 smd roundrect (at 0.9375 0 315) (size 0.975 1.4) (layers F.Cu F.Paste F.Mask) (roundrect_rratio 0.25)
      (net 15 +3V3))
    (model ${KISYS3DMOD}/Capacitor_SMD.3dshapes/C_0805_2012Metric.wrl
      (at (xyz 0 0 0))
      (scale (xyz 1 1 1))
      (rotate (xyz 0 0 0))
    )
  )

  (module Capacitor_SMD:C_0805_2012Metric (layer F.Cu) (tedit 5B36C52B) (tstamp 60E58200)
    (at 167 89.6 315)
    (descr "Capacitor SMD 0805 (2012 Metric), square (rectangular) end terminal, IPC_7351 nominal, (Body size source: https://docs.google.com/spreadsheets/d/1BsfQQcO9C6DZCsRaXUlFlo91Tg2WpOkGARC1WS5S8t0/edit?usp=sharing), generated with kicad-footprint-generator")
    (tags capacitor)
    (path /61B9D230)
    (attr smd)
    (fp_text reference C17 (at 0 -1.65 135) (layer F.SilkS)
      (effects (font (size 1 1) (thickness 0.15)))
    )
    (fp_text value 0.1µF (at 0 1.65 135) (layer F.Fab)
